1.2500000 -0.0000000 
1.2500000 0.0009766 
1.2500000 0.0019531 
1.2500000 0.0029297 
1.2500000 0.0039062 
1.2500000 0.0048828 
1.2500000 0.0058594 
1.2500000 0.0068359 
1.2500000 0.0078125 
1.2500000 0.0087891 
1.2500000 0.0097656 
1.2500000 0.0107422 
1.2500000 0.0117187 
1.2500000 0.0131836 
1.2500000 0.0102539 
1.0000000 0.0717773 
1.0000000 0.0727539 
1.0000000 0.0737305 
1.0000000 0.0747070 
1.0000000 0.0756836 
1.0000000 0.0766602 
1.0000000 0.0776367 
1.0000000 0.0786133 
1.0000000 0.0795898 
1.0000000 0.0805664 
1.0000000 0.0815430 
1.0000000 0.0825195 
1.0000000 0.0834961 
1.0000000 0.0849609 
0.8750000 0.1474609 
0.8750000 0.1484375 
0.8750000 0.1494141 
0.8750000 0.1503906 
0.8750000 0.1508789 
0.8750000 0.1528320 
0.7500000 0.2446289 
0.7500000 0.2456055 
0.7500000 0.2465820 
0.7500000 0.2475586 
0.7500000 0.2485352 
0.7500000 0.2500000 
